# LMTData metadata block version 1.1.1
DEC: -43.21
LMTInstrument: SEQUOIA
PIName: Marc Pound
RA: 14.01
band:
- bandwidth: 2.5
  beam: 0.005555555555555556
  formula: CS
  frequencyCenter: 97.98100000000001
  nchan: 1024.0
  qaGrade: A+++
  slBand: 1
  transition: 2-1
  velocityCenter: 300.0
  winrms: 0.072
- bandwidth: 2.5
  beam: 0.004722245356072365
  formula: CO
  frequencyCenter: 115.2712
  nchan: 2048.0
  qaGrade: B-
  slBand: 2
  transition: 1-0
  velocityCenter: -25.0
  winrms: 0.123
calibrationLevel: 1.0
galLat: -73.89122551720361
galLon: 299.9084820157049
isCombined: 1.0
obsInfo:
- intTime: 1800.0
  obsComment: This is an observation comment
  obsDate: '2023-10-31T20:18:47.912130'
  obsGoal: SCIENCE
  obsNum: 12345
  opacity225: 0.05
  scanNum: 9999
  subObsNum: 88
- intTime: 1200.0
  obsComment: This is another observation comment
  obsDate: '2023-10-31T20:18:47.923203'
  obsGoal: SCIENCE
  obsNum: 12346
  opacity225: 0.053
  scanNum: 1111
  subObsNum: 89
observatory: LMT
pipeVersion: '1.0'
projectID: 2021-S1-US-3
projectTitle: Life, the Universe, and Everything
referenceID: '12345_12346'
targetName: NGC 5948
totalIntTime: 3000.0
velDef: RADIO
velFrame: LSR
velType: FREQUENCY
velocity: 0.321
z: 0.001071
